,"IllegalStateException","Hashtable","modifier","modifiers","put","existing","hasModifier","arg1","arg0","get","name","context","toString","Void","TYPE"
"IllegalStateException",0,0,0,0,0,0,0,0,0,0,0,0,0,0,0
"Hashtable",0,0,0,2,0,0,0,0,0,0,0,0,0,0,0
"modifier",1,0,0,0,0,0,0,0,0,0,1,0,0,0,0
"modifiers",0,0,0,0,1,0,0,0,0,1,0,0,1,0,0
"put",0,0,0,1,0,1,0,0,0,0,0,0,0,0,0
"existing",0,0,0,0,0,0,0,0,0,0,0,0,0,0,0
"hasModifier",0,0,0,0,0,0,0,0,0,0,0,0,0,0,0
"arg1",0,0,0,0,0,0,0,0,0,0,0,0,0,0,0
"arg0",0,0,0,0,0,0,0,0,0,0,0,0,0,0,0
"get",0,0,0,1,0,0,1,0,0,0,0,0,0,0,0
"name",1,0,0,0,0,0,0,0,2,0,0,0,0,0,0
"context",1,0,0,0,0,0,0,0,0,0,0,0,0,0,0
"toString",0,0,0,0,0,0,0,0,0,0,0,0,0,0,0
"Void",0,0,0,0,0,0,0,0,0,0,0,0,0,0,1
"TYPE",0,0,0,0,0,0,0,1,0,0,0,0,0,1,0
